May 1970 - St. Louis, Mo.

Mixed pairs -           NS scores - Top = 12.0

Note:  If your result is better than that shown give yourself 12.0
       If your result is worse  than that shown give yourself  0.0
       If your result is between     that shown average the scores
       on either side of yours.

Board - 01 Board - 02 Board - 03 Board - 04 Board - 05 Board - 06 Board - 07

  920 11.5   700 12.0   400 12.0  1400 12.0   670 12.0   460 11.7   650 11.8
  650 10.7   250 11.7   200 11.7  1100 11.5   660 11.7   430  9.2   620  9.3
  440 10.4   200 11.0   100 11.0   800 11.0   630 10.0   400  4.1   170  4.7
  420  9.4   150 10.3 -  50 10.4   620 10.4   600  9.2   150  0.9   140  1.4
  400  8.5   100  9.4 - 150 10.0   500  9.6   180  7.9   100  0.6   110  0.2
-  50  7.3    50  7.4 - 170  8.1   400  9.2   150  7.4 -  50  0.2
- 100  3.9 - 170  5.7 - 200  6.1   300  8.7   130  7.0
- 150  0.8 - 400  3.8 - 250  5.7   200  7.9   120  6.1
           - 420  1.9 - 600  5.4   170  5.5   110  5.4
           - 430  1.1 - 620  3.6   140  2.4 - 100  4.1
           - 460  0.2 - 630  1.1   100  0.8 - 200  2.0
                      - 650  0.0 - 100  0.2 - 300  0.6
                                            - 800  0.0

Board - 08 Board - 09 Board - 10 Board - 11 Board - 12 Board - 13 Board - 14

  550 12.0   200 11.4   690 11.0    50 10.7   620 12.0   150 11.4   100 12.0
  400 10.6   100  9.0   660  9.6 - 450  6.6   300 10.6   120  9.6    50 10.6
  110  8.8 - 110  7.1   630  7.7 - 480  2.8   150  9.2    90  6.6  pass  9.2
-  50  6.6 - 140  5.5   620  6.0 - 980  1.1   140  8.2    80  4.4 - 110  8.8
- 100  3.6 - 150  4.1   600  4.1 -1010  0.3   110  7.3     0  3.9 - 120  8.1
- 150  1.6 - 170  3.2   150  2.0 -1100  0.0   100  6.0 - 100  2.5 - 140  6.8
- 200  0.6 - 500  2.2   140  1.6               50  4.1 - 110  1.2 - 150  5.0
- 250  0.3 - 620  1.1   120  1.2            - 100  2.5 - 200  0.6 - 170  3.6
- 300  0.0 - 660  0.0 - 100  0.8            - 200  1.2 - 500  0.0 - 180  3.2
                      - 200  0.3            - 300  0.5            - 400  2.0
                      - 400  0.0            -1100  0.0            - 430  0.5

Board - 15 Board - 16 Board - 17 Board - 18 Board - 19 Board - 20 Board - 21

  680  9.2   200 11.4   200 11.5  1460 10.4   500 11.8   500 11.8   700 12.0
  660  6.0   110 10.4   150 10.4  1430  7.4   300 11.4   300 11.4   620 11.7
  650  4.7   100  9.3   140  9.0  1300  6.0   200 11.0   200 10.0   600 10.7
  620  2.2 -  50  7.9   110  7.4   710  4.3   140 10.7   100  7.0   500  8.8
  240  0.6 - 100  7.1   100  6.1   680  1.2   100  9.9 -  90  4.9   300  7.6
  170  0.3 - 110  6.4    50  4.4            -  50  8.7 - 100  4.1   170  7.3
- 200  0.0 - 130  5.0 -  50  3.0            - 100  7.7 - 110  3.2   150  7.0
           - 150  2.8 -  80  2.5            - 140  6.4 - 120  2.0   130  6.3
           - 300  1.6 -  90  2.2            - 170  5.4 - 140  1.1   100  5.5
           - 500  1.2 - 100  1.6            - 300  3.6 - 200  0.6    50  5.0
           - 600  0.6 - 110  0.6            - 500  2.2 - 380  0.3 - 100  2.5
           - 700  0.0 - 150  0.2            - 620  1.1 - 700  0.0 - 200  0.0
                                            - 790  0.0

Board - 22 Board - 23 Board - 24 Board - 25 Board - 26

  490  9.2  1070 12.0  1020 11.8   300 12.0   200 11.7
  480  5.7   800 11.7   990  9.2   200 11.5   100 10.7
  450  5.0   500 11.2   980  6.6   140 10.9 - 110 10.3
  430  4.7   200 10.3   920  5.8   110  8.5 - 120  9.9
  420  3.6   130  9.4   490  4.4   100  6.1 - 140  8.2
  240  2.2   110  8.8   420  3.5    90  4.9 - 170  5.7
  170  1.2   100  8.2 -  50  1.6 -  50  2.5 - 180  4.4
- 100  0.6    90  7.3            -  90  1.4 - 200  3.5
- 150  0.2 -  90  6.3            - 100  0.9 - 620  1.6
           - 100  4.4            - 110  0.3 - 650  0.2
           - 140  2.5
           - 200  1.8
           - 300  0.8
           - 500  0.3
           - 600  0.0