1997 - International pairs -  
                           
Final - 1st session       NS scores - Top = 11.0

Note:  If your result is better than that shown give yourself 11.0.
       If your result is worse  than that shown give yourself  0.0.
       If your result is on the list then give yourself that score.
       If your result is between     that shown give yourself  1.0
       point for each score below yours, then subtract 0.5 point.

Board - 01 Board - 02 Board - 03 Board - 04 Board - 05 Board - 06 Board - 07

  940 10.5   100 10.5  1400 11.0    620 9.0   800 10.5   500 11.0   620 11.0 
  940 10.5    50  9.5   800 10.0    620 9.0   800 10.5   200 10.0   500 10.0
  920  8.5 -  90  8.5   460  9.0    620 9.0   650  8.5 - 100  8.5   200  9.0
  920  8.5 - 120  5.5   430  8.0    620 9.0   650  8.5 - 100  8.5   170  8.0
  450  5.5 - 120  5.5   400  7.0    620 9.0   620  5.5 - 140  7.0   140  7.0
  450  5.5 - 120  5.5   200  5.0    600 5.5   620  5.5 - 300  5.0 - 100  6.0
  450  5.5 - 120  5.5   200  5.0    600 5.5   620  5.5 - 300  5.0 - 140  5.0
  450  5.5 - 120  5.5   200  5.0    170 4.0   620  5.5 - 300  5.0 - 200  2.0
  420  3.0 - 140  2.5   130  2.5    140 3.0   500  3.5 - 500  2.5 - 200  2.0
   50  1.5 - 150  1.5   130  2.5 -  100 1.0 - 100  1.5 - 500  2.5 - 200  2.0
   50  1.5 - 400  0.5 -  50  0.5 -  100 1.0 - 100  1.5 - 600  1.0 - 200  2.0
  100  0.0            -  50  0.5 -  100 1.0 - 200  0.0 - 630  0.0 - 200  2.0

Board - 08 Board - 09 Board - 10 Board - 11 Board - 12 Board - 13 Board - 14

  110 10.5   650 11.0   800 11.0    50 10.5   850 10.5   300 10.5   400 11.0 
  110 10.5   430 10.0   670 10.0    50 10.5   850 10.5   300 10.5   170  9.5
-  50  8.5   200  9.0   500  9.0 -  50  8.5   680  8.0   200  7.5   170  9.5
-  50  8.5 -  50  7.0   200  8.0 -  50  8.5   680  8.0   200  7.5   110  8.0
-  90  6.0 -  50  7.0   110  6.5 -  90  7.0   680  8.0   200  7.5   100  7.0
-  90  6.0 -  50  7.0   110  6.5 - 100  5.5   650  5.0   200  7.5 -  50  4.0
-  90  6.0 - 100  3.5   100  4.0 - 100  5.5   650  5.0   100  5.0 -  50  4.0
- 100  4.0 - 100  3.5   100  4.0 - 120  4.0   650  5.0 -  90  4.0 -  50  4.0
- 120  2.0 - 100  3.5   100  4.0 - 150  2.0   300  2.5 - 100  3.0 -  50  4.0
- 120  2.0 - 100  3.5 - 100  2.0 - 150  2.0   300  2.5 - 110  2.0 -  50  4.0
- 120  2.0 - 300  0.5 - 110  1.0 - 150  2.0 - 140  1.0 - 130  1.0 - 150  0.5
- 300  0.0 - 300  0.5 - 730  0.0 - 300  0.0 - 200  0.0 - 200  0.0 - 150  0.5

  

Board - 15 Board - 16 Board - 17 Board - 18 Board - 19 Board - 20 Board - 21

   50  8.0   470 11.0    50 11.0    50 11.0   480 11.0   170 10.5   300 11.0
   50  8.0   300 10.0 -  50 10.0     0  9.0   450  7.5   170 10.5   150 10.0
   50  8.0   200  9.0 - 100  8.5     0  9.0   450  7.5   140  5.5   100  9.0
   50  8.0   100  5.5 - 100  8.5     0  9.0   450  7.5   140  5.5    50  5.0
   50  8.0   100  5.5 - 110  5.0 -  90  7.0   450  7.5   140  5.5    50  5.0
   50  8.0   100  5.5 - 110  5.0 - 110  5.5   450  7.5   140  5.5    50  5.0
   50  8.0   100  5.5 - 110  5.0 - 110  5.5   450  7.5   140  5.5    50  5.0
- 140  4.0   100  5.5 - 110  5.0 - 120  3.5   420  2.0   140  5.5    50  5.0
- 180  3.0   100  5.5 - 110  5.0 - 120  3.5   420  2.0   140  5.5    50  5.0
- 420  2.0 - 110  1.0 - 150  1.5 - 150  1.5   420  2.0   140  5.5    50  5.0
- 430  1.0 - 110  1.0 - 150  1.5 - 150  1.5   420  2.0 - 100  0.5 - 430  1.0
- 500  0.0 - 110  1.0 - 200  0.0 - 200  0.0   420  2.0 - 100  0.5 - 460  0.0

Board - 22 Board - 23 Board - 24 Board - 25 Board - 26

  590 11.0  1860 11.0   100 11.0 - 200 11.0   100 11.0 
  420 10.0  1460 10.0    50  7.5 - 500 10.0 - 110 10.0
  200  7.0  1430  7.0    50  7.5 - 620  7.5 - 140  9.0
  200  7.0  1430  7.0    50  7.5 - 620  7.5 - 150  7.5
  200  7.0  1430  7.0    50  7.5 - 620  7.5 - 150  7.5
  200  7.0  1430  7.0    50  7.5 - 620  7.5 - 600  4.0
  200  7.0  1430  7.0    50  7.5 - 650  3.0 - 600  4.0
-  50  4.0  1100  3.5 - 180  4.0 - 650  3.0 - 600  4.0
- 100  3.0  1100  3.5 - 400  3.0 - 650  3.0 - 600  4.0
- 110  2.0   800  1.5 - 460  1.0 - 650  3.0 - 600  4.0
- 300  1.0   800  1.5 - 460  1.0 - 650  3.0 - 620  1.0
- 500  0.0   680  0.0 - 460  1.0 - 990  0.0 - 630  0.0
